0.000000000e+00 1.500000
9.990000000e-07 1.500000
1.000000000e-06 1.963525
1.999000000e-06 1.963525
2.000000000e-06 2.381678
2.999000000e-06 2.381678
3.000000000e-06 2.713525
3.999000000e-06 2.713525
4.000000000e-06 2.926585
4.999000000e-06 2.926585
5.000000000e-06 3.000000
5.999000000e-06 3.000000
6.000000000e-06 2.926585
6.999000000e-06 2.926585
7.000000000e-06 2.713525
7.999000000e-06 2.713525
8.000000000e-06 2.381678
8.999000000e-06 2.381678
9.000000000e-06 1.963525
9.999000000e-06 1.963525
1.000000000e-05 1.500000
1.099900000e-05 1.500000
1.100000000e-05 1.036475
1.199900000e-05 1.036475
1.200000000e-05 0.618322
1.299900000e-05 0.618322
1.300000000e-05 0.286475
1.399900000e-05 0.286475
1.400000000e-05 0.073415
1.499900000e-05 0.073415
1.500000000e-05 0.000000
1.599900000e-05 0.000000
1.600000000e-05 0.073415
1.699900000e-05 0.073415
1.700000000e-05 0.286475
1.799900000e-05 0.286475
1.800000000e-05 0.618322
1.899900000e-05 0.618322
1.900000000e-05 1.036475
1.999900000e-05 1.036475
2.000000000e-05 1.500000
2.099900000e-05 1.500000
2.100000000e-05 1.963525
2.199900000e-05 1.963525
2.200000000e-05 2.381678
2.299900000e-05 2.381678
2.300000000e-05 2.713525
2.399900000e-05 2.713525
2.400000000e-05 2.926585
2.499900000e-05 2.926585
2.500000000e-05 3.000000
2.599900000e-05 3.000000
2.600000000e-05 2.926585
2.699900000e-05 2.926585
2.700000000e-05 2.713525
2.799900000e-05 2.713525
2.800000000e-05 2.381678
2.899900000e-05 2.381678
2.900000000e-05 1.963525
2.999900000e-05 1.963525
3.000000000e-05 1.500000
3.099900000e-05 1.500000
3.100000000e-05 1.036475
3.199900000e-05 1.036475
3.200000000e-05 0.618322
3.299900000e-05 0.618322
3.300000000e-05 0.286475
3.399900000e-05 0.286475
3.400000000e-05 0.073415
3.499900000e-05 0.073415
3.500000000e-05 0.000000
3.599900000e-05 0.000000
3.600000000e-05 0.073415
3.699900000e-05 0.073415
3.700000000e-05 0.286475
3.799900000e-05 0.286475
3.800000000e-05 0.618322
3.899900000e-05 0.618322
3.900000000e-05 1.036475
3.999900000e-05 1.036475
4.000000000e-05 1.500000
4.099900000e-05 1.500000
4.100000000e-05 1.963525
4.199900000e-05 1.963525
4.200000000e-05 2.381678
4.299900000e-05 2.381678
4.300000000e-05 2.713525
4.399900000e-05 2.713525
4.400000000e-05 2.926585
4.499900000e-05 2.926585
4.500000000e-05 3.000000
4.599900000e-05 3.000000
4.600000000e-05 2.926585
4.699900000e-05 2.926585
4.700000000e-05 2.713525
4.799900000e-05 2.713525
4.800000000e-05 2.381678
4.899900000e-05 2.381678
4.900000000e-05 1.963525
4.999900000e-05 1.963525
5.000000000e-05 1.500000
5.099900000e-05 1.500000
5.100000000e-05 1.036475
5.199900000e-05 1.036475
5.200000000e-05 0.618322
5.299900000e-05 0.618322
5.300000000e-05 0.286475
5.399900000e-05 0.286475
5.400000000e-05 0.073415
5.499900000e-05 0.073415
5.500000000e-05 0.000000
5.599900000e-05 0.000000
5.600000000e-05 0.073415
5.699900000e-05 0.073415
5.700000000e-05 0.286475
5.799900000e-05 0.286475
5.800000000e-05 0.618322
5.899900000e-05 0.618322
5.900000000e-05 1.036475
5.999900000e-05 1.036475
6.000000000e-05 1.500000
6.099900000e-05 1.500000
6.100000000e-05 1.963525
6.199900000e-05 1.963525
6.200000000e-05 2.381678
6.299900000e-05 2.381678
6.300000000e-05 2.713525
6.399900000e-05 2.713525
6.400000000e-05 2.926585
6.499900000e-05 2.926585
6.500000000e-05 3.000000
6.599900000e-05 3.000000
6.600000000e-05 2.926585
6.699900000e-05 2.926585
6.700000000e-05 2.713525
6.799900000e-05 2.713525
6.800000000e-05 2.381678
6.899900000e-05 2.381678
6.900000000e-05 1.963525
6.999900000e-05 1.963525
7.000000000e-05 1.500000
7.099900000e-05 1.500000
7.100000000e-05 1.036475
7.199900000e-05 1.036475
7.200000000e-05 0.618322
7.299900000e-05 0.618322
7.300000000e-05 0.286475
7.399900000e-05 0.286475
7.400000000e-05 0.073415
7.499900000e-05 0.073415
7.500000000e-05 0.000000
7.599900000e-05 0.000000
7.600000000e-05 0.073415
7.699900000e-05 0.073415
7.700000000e-05 0.286475
7.799900000e-05 0.286475
7.800000000e-05 0.618322
7.899900000e-05 0.618322
7.900000000e-05 1.036475
7.999900000e-05 1.036475
8.000000000e-05 1.500000
8.099900000e-05 1.500000
8.100000000e-05 1.963525
8.199900000e-05 1.963525
8.200000000e-05 2.381678
8.299900000e-05 2.381678
8.300000000e-05 2.713525
8.399900000e-05 2.713525
8.400000000e-05 2.926585
8.499900000e-05 2.926585
8.500000000e-05 3.000000
8.599900000e-05 3.000000
8.600000000e-05 2.926585
8.699900000e-05 2.926585
8.700000000e-05 2.713525
8.799900000e-05 2.713525
8.800000000e-05 2.381678
8.899900000e-05 2.381678
8.900000000e-05 1.963525
8.999900000e-05 1.963525
9.000000000e-05 1.500000
9.099900000e-05 1.500000
9.100000000e-05 1.036475
9.199900000e-05 1.036475
9.200000000e-05 0.618322
9.299900000e-05 0.618322
9.300000000e-05 0.286475
9.399900000e-05 0.286475
9.400000000e-05 0.073415
9.499900000e-05 0.073415
9.500000000e-05 0.000000
9.599900000e-05 0.000000
9.600000000e-05 0.073415
9.699900000e-05 0.073415
9.700000000e-05 0.286475
9.799900000e-05 0.286475
9.800000000e-05 0.618322
9.899900000e-05 0.618322
9.900000000e-05 1.036475
9.999900000e-05 1.036475
1.000000000e-04 1.500000
1.009990000e-04 1.500000
1.010000000e-04 1.963525
1.019990000e-04 1.963525
1.020000000e-04 2.381678
1.029990000e-04 2.381678
1.030000000e-04 2.713525
1.039990000e-04 2.713525
1.040000000e-04 2.926585
1.049990000e-04 2.926585
1.050000000e-04 3.000000
1.059990000e-04 3.000000
1.060000000e-04 2.926585
1.069990000e-04 2.926585
1.070000000e-04 2.713525
1.079990000e-04 2.713525
1.080000000e-04 2.381678
1.089990000e-04 2.381678
1.090000000e-04 1.963525
1.099990000e-04 1.963525
1.100000000e-04 1.500000
1.109990000e-04 1.500000
1.110000000e-04 1.036475
1.119990000e-04 1.036475
1.120000000e-04 0.618322
1.129990000e-04 0.618322
1.130000000e-04 0.286475
1.139990000e-04 0.286475
1.140000000e-04 0.073415
1.149990000e-04 0.073415
1.150000000e-04 0.000000
1.159990000e-04 0.000000
1.160000000e-04 0.073415
1.169990000e-04 0.073415
1.170000000e-04 0.286475
1.179990000e-04 0.286475
1.180000000e-04 0.618322
1.189990000e-04 0.618322
1.190000000e-04 1.036475
1.199990000e-04 1.036475
1.200000000e-04 1.500000
1.209990000e-04 1.500000
1.210000000e-04 1.963525
1.219990000e-04 1.963525
1.220000000e-04 2.381678
1.229990000e-04 2.381678
1.230000000e-04 2.713525
1.239990000e-04 2.713525
1.240000000e-04 2.926585
1.249990000e-04 2.926585
1.250000000e-04 3.000000
1.259990000e-04 3.000000
1.260000000e-04 2.926585
1.269990000e-04 2.926585
1.270000000e-04 2.713525
1.279990000e-04 2.713525
1.280000000e-04 2.381678
1.289990000e-04 2.381678
1.290000000e-04 1.963525
1.299990000e-04 1.963525
1.300000000e-04 1.500000
1.309990000e-04 1.500000
1.310000000e-04 1.036475
1.319990000e-04 1.036475
1.320000000e-04 0.618322
1.329990000e-04 0.618322
1.330000000e-04 0.286475
1.339990000e-04 0.286475
1.340000000e-04 0.073415
1.349990000e-04 0.073415
1.350000000e-04 0.000000
1.359990000e-04 0.000000
1.360000000e-04 0.073415
1.369990000e-04 0.073415
1.370000000e-04 0.286475
1.379990000e-04 0.286475
1.380000000e-04 0.618322
1.389990000e-04 0.618322
1.390000000e-04 1.036475
1.399990000e-04 1.036475
1.400000000e-04 1.500000
1.409990000e-04 1.500000
1.410000000e-04 1.963525
1.419990000e-04 1.963525
1.420000000e-04 2.381678
1.429990000e-04 2.381678
1.430000000e-04 2.713525
1.439990000e-04 2.713525
1.440000000e-04 2.926585
1.449990000e-04 2.926585
1.450000000e-04 3.000000
1.459990000e-04 3.000000
1.460000000e-04 2.926585
1.469990000e-04 2.926585
1.470000000e-04 2.713525
1.479990000e-04 2.713525
1.480000000e-04 2.381678
1.489990000e-04 2.381678
1.490000000e-04 1.963525
1.499990000e-04 1.963525
1.500000000e-04 1.500000
1.509990000e-04 1.500000
1.510000000e-04 1.036475
1.519990000e-04 1.036475
1.520000000e-04 0.618322
1.529990000e-04 0.618322
1.530000000e-04 0.286475
1.539990000e-04 0.286475
1.540000000e-04 0.073415
1.549990000e-04 0.073415
1.550000000e-04 0.000000
1.559990000e-04 0.000000
1.560000000e-04 0.073415
1.569990000e-04 0.073415
1.570000000e-04 0.286475
1.579990000e-04 0.286475
1.580000000e-04 0.618322
1.589990000e-04 0.618322
1.590000000e-04 1.036475
1.599990000e-04 1.036475
1.600000000e-04 1.500000
1.609990000e-04 1.500000
1.610000000e-04 1.963525
1.619990000e-04 1.963525
1.620000000e-04 2.381678
1.629990000e-04 2.381678
1.630000000e-04 2.713525
1.639990000e-04 2.713525
1.640000000e-04 2.926585
1.649990000e-04 2.926585
1.650000000e-04 3.000000
1.659990000e-04 3.000000
1.660000000e-04 2.926585
1.669990000e-04 2.926585
1.670000000e-04 2.713525
1.679990000e-04 2.713525
1.680000000e-04 2.381678
1.689990000e-04 2.381678
1.690000000e-04 1.963525
1.699990000e-04 1.963525
1.700000000e-04 1.500000
1.709990000e-04 1.500000
1.710000000e-04 1.036475
1.719990000e-04 1.036475
1.720000000e-04 0.618322
1.729990000e-04 0.618322
1.730000000e-04 0.286475
1.739990000e-04 0.286475
1.740000000e-04 0.073415
1.749990000e-04 0.073415
1.750000000e-04 0.000000
1.759990000e-04 0.000000
1.760000000e-04 0.073415
1.769990000e-04 0.073415
1.770000000e-04 0.286475
1.779990000e-04 0.286475
1.780000000e-04 0.618322
1.789990000e-04 0.618322
1.790000000e-04 1.036475
1.799990000e-04 1.036475
1.800000000e-04 1.500000
1.809990000e-04 1.500000
1.810000000e-04 1.963525
1.819990000e-04 1.963525
1.820000000e-04 2.381678
1.829990000e-04 2.381678
1.830000000e-04 2.713525
1.839990000e-04 2.713525
1.840000000e-04 2.926585
1.849990000e-04 2.926585
1.850000000e-04 3.000000
1.859990000e-04 3.000000
1.860000000e-04 2.926585
1.869990000e-04 2.926585
1.870000000e-04 2.713525
1.879990000e-04 2.713525
1.880000000e-04 2.381678
1.889990000e-04 2.381678
1.890000000e-04 1.963525
1.899990000e-04 1.963525
1.900000000e-04 1.500000
1.909990000e-04 1.500000
1.910000000e-04 1.036475
1.919990000e-04 1.036475
1.920000000e-04 0.618322
1.929990000e-04 0.618322
1.930000000e-04 0.286475
1.939990000e-04 0.286475
1.940000000e-04 0.073415
1.949990000e-04 0.073415
1.950000000e-04 0.000000
1.959990000e-04 0.000000
1.960000000e-04 0.073415
1.969990000e-04 0.073415
1.970000000e-04 0.286475
1.979990000e-04 0.286475
1.980000000e-04 0.618322
1.989990000e-04 0.618322
1.990000000e-04 1.036475
1.999990000e-04 1.036475
2.000000000e-04 1.500000
2.009990000e-04 1.500000
2.010000000e-04 1.963525
2.019990000e-04 1.963525
2.020000000e-04 2.381678
2.029990000e-04 2.381678
2.030000000e-04 2.713525
2.039990000e-04 2.713525
2.040000000e-04 2.926585
2.049990000e-04 2.926585
2.050000000e-04 3.000000
2.059990000e-04 3.000000
2.060000000e-04 2.926585
2.069990000e-04 2.926585
2.070000000e-04 2.713525
2.079990000e-04 2.713525
2.080000000e-04 2.381678
2.089990000e-04 2.381678
2.090000000e-04 1.963525
2.099990000e-04 1.963525
2.100000000e-04 1.500000
2.109990000e-04 1.500000
2.110000000e-04 1.036475
2.119990000e-04 1.036475
2.120000000e-04 0.618322
2.129990000e-04 0.618322
2.130000000e-04 0.286475
2.139990000e-04 0.286475
2.140000000e-04 0.073415
2.149990000e-04 0.073415
2.150000000e-04 0.000000
2.159990000e-04 0.000000
2.160000000e-04 0.073415
2.169990000e-04 0.073415
2.170000000e-04 0.286475
2.179990000e-04 0.286475
2.180000000e-04 0.618322
2.189990000e-04 0.618322
2.190000000e-04 1.036475
2.199990000e-04 1.036475
2.200000000e-04 1.500000
2.209990000e-04 1.500000
2.210000000e-04 1.963525
2.219990000e-04 1.963525
2.220000000e-04 2.381678
2.229990000e-04 2.381678
2.230000000e-04 2.713525
2.239990000e-04 2.713525
2.240000000e-04 2.926585
2.249990000e-04 2.926585
2.250000000e-04 3.000000
2.259990000e-04 3.000000
2.260000000e-04 2.926585
2.269990000e-04 2.926585
2.270000000e-04 2.713525
2.279990000e-04 2.713525
2.280000000e-04 2.381678
2.289990000e-04 2.381678
2.290000000e-04 1.963525
2.299990000e-04 1.963525
2.300000000e-04 1.500000
2.309990000e-04 1.500000
2.310000000e-04 1.036475
2.319990000e-04 1.036475
2.320000000e-04 0.618322
2.329990000e-04 0.618322
2.330000000e-04 0.286475
2.339990000e-04 0.286475
2.340000000e-04 0.073415
2.349990000e-04 0.073415
2.350000000e-04 0.000000
2.359990000e-04 0.000000
2.360000000e-04 0.073415
2.369990000e-04 0.073415
2.370000000e-04 0.286475
2.379990000e-04 0.286475
2.380000000e-04 0.618322
2.389990000e-04 0.618322
2.390000000e-04 1.036475
2.399990000e-04 1.036475
2.400000000e-04 1.500000
2.409990000e-04 1.500000
2.410000000e-04 1.963525
2.419990000e-04 1.963525
2.420000000e-04 2.381678
2.429990000e-04 2.381678
2.430000000e-04 2.713525
2.439990000e-04 2.713525
2.440000000e-04 2.926585
2.449990000e-04 2.926585
2.450000000e-04 3.000000
2.459990000e-04 3.000000
2.460000000e-04 2.926585
2.469990000e-04 2.926585
2.470000000e-04 2.713525
2.479990000e-04 2.713525
2.480000000e-04 2.381678
2.489990000e-04 2.381678
2.490000000e-04 1.963525
2.499990000e-04 1.963525
2.500000000e-04 1.500000
2.509990000e-04 1.500000
2.510000000e-04 1.036475
2.519990000e-04 1.036475
2.520000000e-04 0.618322
2.529990000e-04 0.618322
2.530000000e-04 0.286475
2.539990000e-04 0.286475
2.540000000e-04 0.073415
2.549990000e-04 0.073415
2.550000000e-04 0.000000
2.559990000e-04 0.000000
2.560000000e-04 0.073415
2.569990000e-04 0.073415
2.570000000e-04 0.286475
2.579990000e-04 0.286475
2.580000000e-04 0.618322
2.589990000e-04 0.618322
2.590000000e-04 1.036475
2.599990000e-04 1.036475
2.600000000e-04 1.500000
2.609990000e-04 1.500000
2.610000000e-04 1.963525
2.619990000e-04 1.963525
2.620000000e-04 2.381678
2.629990000e-04 2.381678
2.630000000e-04 2.713525
2.639990000e-04 2.713525
2.640000000e-04 2.926585
2.649990000e-04 2.926585
2.650000000e-04 3.000000
2.659990000e-04 3.000000
2.660000000e-04 2.926585
2.669990000e-04 2.926585
2.670000000e-04 2.713525
2.679990000e-04 2.713525
2.680000000e-04 2.381678
2.689990000e-04 2.381678
2.690000000e-04 1.963525
2.699990000e-04 1.963525
2.700000000e-04 1.500000
2.709990000e-04 1.500000
2.710000000e-04 1.036475
2.719990000e-04 1.036475
2.720000000e-04 0.618322
2.729990000e-04 0.618322
2.730000000e-04 0.286475
2.739990000e-04 0.286475
2.740000000e-04 0.073415
2.749990000e-04 0.073415
2.750000000e-04 0.000000
2.759990000e-04 0.000000
2.760000000e-04 0.073415
2.769990000e-04 0.073415
2.770000000e-04 0.286475
2.779990000e-04 0.286475
2.780000000e-04 0.618322
2.789990000e-04 0.618322
2.790000000e-04 1.036475
2.799990000e-04 1.036475
2.800000000e-04 1.500000
2.809990000e-04 1.500000
2.810000000e-04 1.963525
2.819990000e-04 1.963525
2.820000000e-04 2.381678
2.829990000e-04 2.381678
2.830000000e-04 2.713525
2.839990000e-04 2.713525
2.840000000e-04 2.926585
2.849990000e-04 2.926585
2.850000000e-04 3.000000
2.859990000e-04 3.000000
2.860000000e-04 2.926585
2.869990000e-04 2.926585
2.870000000e-04 2.713525
2.879990000e-04 2.713525
2.880000000e-04 2.381678
2.889990000e-04 2.381678
2.890000000e-04 1.963525
2.899990000e-04 1.963525
2.900000000e-04 1.500000
2.909990000e-04 1.500000
2.910000000e-04 1.036475
2.919990000e-04 1.036475
2.920000000e-04 0.618322
2.929990000e-04 0.618322
2.930000000e-04 0.286475
2.939990000e-04 0.286475
2.940000000e-04 0.073415
2.949990000e-04 0.073415
2.950000000e-04 0.000000
2.959990000e-04 0.000000
2.960000000e-04 0.073415
2.969990000e-04 0.073415
2.970000000e-04 0.286475
2.979990000e-04 0.286475
2.980000000e-04 0.618322
2.989990000e-04 0.618322
2.990000000e-04 1.036475
2.999990000e-04 1.036475
3.000000000e-04 1.500000
3.009990000e-04 1.500000
3.010000000e-04 1.963525
3.019990000e-04 1.963525
3.020000000e-04 2.381678
3.029990000e-04 2.381678
3.030000000e-04 2.713525
3.039990000e-04 2.713525
3.040000000e-04 2.926585
3.049990000e-04 2.926585
3.050000000e-04 3.000000
3.059990000e-04 3.000000
3.060000000e-04 2.926585
3.069990000e-04 2.926585
3.070000000e-04 2.713525
3.079990000e-04 2.713525
3.080000000e-04 2.381678
3.089990000e-04 2.381678
3.090000000e-04 1.963525
3.099990000e-04 1.963525
3.100000000e-04 1.500000
3.109990000e-04 1.500000
3.110000000e-04 1.036475
3.119990000e-04 1.036475
3.120000000e-04 0.618322
3.129990000e-04 0.618322
3.130000000e-04 0.286475
3.139990000e-04 0.286475
3.140000000e-04 0.073415
3.149990000e-04 0.073415
3.150000000e-04 0.000000
3.159990000e-04 0.000000
3.160000000e-04 0.073415
3.169990000e-04 0.073415
3.170000000e-04 0.286475
3.179990000e-04 0.286475
3.180000000e-04 0.618322
3.189990000e-04 0.618322
3.190000000e-04 1.036475
3.199990000e-04 1.036475
3.200000000e-04 1.500000
3.209990000e-04 1.500000
3.210000000e-04 1.963525
3.219990000e-04 1.963525
3.220000000e-04 2.381678
3.229990000e-04 2.381678
3.230000000e-04 2.713525
3.239990000e-04 2.713525
3.240000000e-04 2.926585
3.249990000e-04 2.926585
3.250000000e-04 3.000000
3.259990000e-04 3.000000
3.260000000e-04 2.926585
3.269990000e-04 2.926585
3.270000000e-04 2.713525
3.279990000e-04 2.713525
3.280000000e-04 2.381678
3.289990000e-04 2.381678
3.290000000e-04 1.963525
3.299990000e-04 1.963525
3.300000000e-04 1.500000
3.309990000e-04 1.500000
3.310000000e-04 1.036475
3.319990000e-04 1.036475
3.320000000e-04 0.618322
3.329990000e-04 0.618322
3.330000000e-04 0.286475
3.339990000e-04 0.286475
3.340000000e-04 0.073415
3.349990000e-04 0.073415
3.350000000e-04 0.000000
3.359990000e-04 0.000000
3.360000000e-04 0.073415
3.369990000e-04 0.073415
3.370000000e-04 0.286475
3.379990000e-04 0.286475
3.380000000e-04 0.618322
3.389990000e-04 0.618322
3.390000000e-04 1.036475
3.399990000e-04 1.036475
3.400000000e-04 1.500000
3.409990000e-04 1.500000
3.410000000e-04 1.963525
3.419990000e-04 1.963525
3.420000000e-04 2.381678
3.429990000e-04 2.381678
3.430000000e-04 2.713525
3.439990000e-04 2.713525
3.440000000e-04 2.926585
3.449990000e-04 2.926585
3.450000000e-04 3.000000
3.459990000e-04 3.000000
3.460000000e-04 2.926585
3.469990000e-04 2.926585
3.470000000e-04 2.713525
3.479990000e-04 2.713525
3.480000000e-04 2.381678
3.489990000e-04 2.381678
3.490000000e-04 1.963525
3.499990000e-04 1.963525
3.500000000e-04 1.500000
3.509990000e-04 1.500000
3.510000000e-04 1.036475
3.519990000e-04 1.036475
3.520000000e-04 0.618322
3.529990000e-04 0.618322
3.530000000e-04 0.286475
3.539990000e-04 0.286475
3.540000000e-04 0.073415
3.549990000e-04 0.073415
3.550000000e-04 0.000000
3.559990000e-04 0.000000
3.560000000e-04 0.073415
3.569990000e-04 0.073415
3.570000000e-04 0.286475
3.579990000e-04 0.286475
3.580000000e-04 0.618322
3.589990000e-04 0.618322
3.590000000e-04 1.036475
3.599990000e-04 1.036475
3.600000000e-04 1.500000
3.609990000e-04 1.500000
3.610000000e-04 1.963525
3.619990000e-04 1.963525
3.620000000e-04 2.381678
3.629990000e-04 2.381678
3.630000000e-04 2.713525
3.639990000e-04 2.713525
3.640000000e-04 2.926585
3.649990000e-04 2.926585
3.650000000e-04 3.000000
3.659990000e-04 3.000000
3.660000000e-04 2.926585
3.669990000e-04 2.926585
3.670000000e-04 2.713525
3.679990000e-04 2.713525
3.680000000e-04 2.381678
3.689990000e-04 2.381678
3.690000000e-04 1.963525
3.699990000e-04 1.963525
3.700000000e-04 1.500000
3.709990000e-04 1.500000
3.710000000e-04 1.036475
3.719990000e-04 1.036475
3.720000000e-04 0.618322
3.729990000e-04 0.618322
3.730000000e-04 0.286475
3.739990000e-04 0.286475
3.740000000e-04 0.073415
3.749990000e-04 0.073415
3.750000000e-04 0.000000
3.759990000e-04 0.000000
3.760000000e-04 0.073415
3.769990000e-04 0.073415
3.770000000e-04 0.286475
3.779990000e-04 0.286475
3.780000000e-04 0.618322
3.789990000e-04 0.618322
3.790000000e-04 1.036475
3.799990000e-04 1.036475
3.800000000e-04 1.500000
3.809990000e-04 1.500000
3.810000000e-04 1.963525
3.819990000e-04 1.963525
3.820000000e-04 2.381678
3.829990000e-04 2.381678
3.830000000e-04 2.713525
3.839990000e-04 2.713525
3.840000000e-04 2.926585
3.849990000e-04 2.926585
3.850000000e-04 3.000000
3.859990000e-04 3.000000
3.860000000e-04 2.926585
3.869990000e-04 2.926585
3.870000000e-04 2.713525
3.879990000e-04 2.713525
3.880000000e-04 2.381678
3.889990000e-04 2.381678
3.890000000e-04 1.963525
3.899990000e-04 1.963525
3.900000000e-04 1.500000
3.909990000e-04 1.500000
3.910000000e-04 1.036475
3.919990000e-04 1.036475
3.920000000e-04 0.618322
3.929990000e-04 0.618322
3.930000000e-04 0.286475
3.939990000e-04 0.286475
3.940000000e-04 0.073415
3.949990000e-04 0.073415
3.950000000e-04 0.000000
3.959990000e-04 0.000000
3.960000000e-04 0.073415
3.969990000e-04 0.073415
3.970000000e-04 0.286475
3.979990000e-04 0.286475
3.980000000e-04 0.618322
3.989990000e-04 0.618322
3.990000000e-04 1.036475
3.999990000e-04 1.036475
4.000000000e-04 1.500000
4.009990000e-04 1.500000
4.010000000e-04 1.963525
4.019990000e-04 1.963525
4.020000000e-04 2.381678
4.029990000e-04 2.381678
4.030000000e-04 2.713525
4.039990000e-04 2.713525
4.040000000e-04 2.926585
4.049990000e-04 2.926585
4.050000000e-04 3.000000
4.059990000e-04 3.000000
4.060000000e-04 2.926585
4.069990000e-04 2.926585
4.070000000e-04 2.713525
4.079990000e-04 2.713525
4.080000000e-04 2.381678
4.089990000e-04 2.381678
4.090000000e-04 1.963525
4.099990000e-04 1.963525
4.100000000e-04 1.500000
4.109990000e-04 1.500000
4.110000000e-04 1.036475
4.119990000e-04 1.036475
4.120000000e-04 0.618322
4.129990000e-04 0.618322
4.130000000e-04 0.286475
4.139990000e-04 0.286475
4.140000000e-04 0.073415
4.149990000e-04 0.073415
4.150000000e-04 0.000000
4.159990000e-04 0.000000
4.160000000e-04 0.073415
4.169990000e-04 0.073415
4.170000000e-04 0.286475
4.179990000e-04 0.286475
4.180000000e-04 0.618322
4.189990000e-04 0.618322
4.190000000e-04 1.036475
4.199990000e-04 1.036475
4.200000000e-04 1.500000
4.209990000e-04 1.500000
4.210000000e-04 1.963525
4.219990000e-04 1.963525
4.220000000e-04 2.381678
4.229990000e-04 2.381678
4.230000000e-04 2.713525
4.239990000e-04 2.713525
4.240000000e-04 2.926585
4.249990000e-04 2.926585
4.250000000e-04 3.000000
4.259990000e-04 3.000000
4.260000000e-04 2.926585
4.269990000e-04 2.926585
4.270000000e-04 2.713525
4.279990000e-04 2.713525
4.280000000e-04 2.381678
4.289990000e-04 2.381678
4.290000000e-04 1.963525
4.299990000e-04 1.963525
4.300000000e-04 1.500000
4.309990000e-04 1.500000
4.310000000e-04 1.036475
4.319990000e-04 1.036475
4.320000000e-04 0.618322
4.329990000e-04 0.618322
4.330000000e-04 0.286475
4.339990000e-04 0.286475
4.340000000e-04 0.073415
4.349990000e-04 0.073415
4.350000000e-04 0.000000
4.359990000e-04 0.000000
4.360000000e-04 0.073415
4.369990000e-04 0.073415
4.370000000e-04 0.286475
4.379990000e-04 0.286475
4.380000000e-04 0.618322
4.389990000e-04 0.618322
4.390000000e-04 1.036475
4.399990000e-04 1.036475
4.400000000e-04 1.500000
4.409990000e-04 1.500000
4.410000000e-04 1.963525
4.419990000e-04 1.963525
4.420000000e-04 2.381678
4.429990000e-04 2.381678
4.430000000e-04 2.713525
4.439990000e-04 2.713525
4.440000000e-04 2.926585
4.449990000e-04 2.926585
4.450000000e-04 3.000000
4.459990000e-04 3.000000
4.460000000e-04 2.926585
4.469990000e-04 2.926585
4.470000000e-04 2.713525
4.479990000e-04 2.713525
4.480000000e-04 2.381678
4.489990000e-04 2.381678
4.490000000e-04 1.963525
4.499990000e-04 1.963525
4.500000000e-04 1.500000
4.509990000e-04 1.500000
4.510000000e-04 1.036475
4.519990000e-04 1.036475
4.520000000e-04 0.618322
4.529990000e-04 0.618322
4.530000000e-04 0.286475
4.539990000e-04 0.286475
4.540000000e-04 0.073415
4.549990000e-04 0.073415
4.550000000e-04 0.000000
4.559990000e-04 0.000000
4.560000000e-04 0.073415
4.569990000e-04 0.073415
4.570000000e-04 0.286475
4.579990000e-04 0.286475
4.580000000e-04 0.618322
4.589990000e-04 0.618322
4.590000000e-04 1.036475
4.599990000e-04 1.036475
4.600000000e-04 1.500000
4.609990000e-04 1.500000
4.610000000e-04 1.963525
4.619990000e-04 1.963525
4.620000000e-04 2.381678
4.629990000e-04 2.381678
4.630000000e-04 2.713525
4.639990000e-04 2.713525
4.640000000e-04 2.926585
4.649990000e-04 2.926585
4.650000000e-04 3.000000
4.659990000e-04 3.000000
4.660000000e-04 2.926585
4.669990000e-04 2.926585
4.670000000e-04 2.713525
4.679990000e-04 2.713525
4.680000000e-04 2.381678
4.689990000e-04 2.381678
4.690000000e-04 1.963525
4.699990000e-04 1.963525
4.700000000e-04 1.500000
4.709990000e-04 1.500000
4.710000000e-04 1.036475
4.719990000e-04 1.036475
4.720000000e-04 0.618322
4.729990000e-04 0.618322
4.730000000e-04 0.286475
4.739990000e-04 0.286475
4.740000000e-04 0.073415
4.749990000e-04 0.073415
4.750000000e-04 0.000000
4.759990000e-04 0.000000
4.760000000e-04 0.073415
4.769990000e-04 0.073415
4.770000000e-04 0.286475
4.779990000e-04 0.286475
4.780000000e-04 0.618322
4.789990000e-04 0.618322
4.790000000e-04 1.036475
4.799990000e-04 1.036475
4.800000000e-04 1.500000
4.809990000e-04 1.500000
4.810000000e-04 1.963525
4.819990000e-04 1.963525
4.820000000e-04 2.381678
4.829990000e-04 2.381678
4.830000000e-04 2.713525
4.839990000e-04 2.713525
4.840000000e-04 2.926585
4.849990000e-04 2.926585
4.850000000e-04 3.000000
4.859990000e-04 3.000000
4.860000000e-04 2.926585
4.869990000e-04 2.926585
4.870000000e-04 2.713525
4.879990000e-04 2.713525
4.880000000e-04 2.381678
4.889990000e-04 2.381678
4.890000000e-04 1.963525
4.899990000e-04 1.963525
4.900000000e-04 1.500000
4.909990000e-04 1.500000
4.910000000e-04 1.036475
4.919990000e-04 1.036475
4.920000000e-04 0.618322
4.929990000e-04 0.618322
4.930000000e-04 0.286475
4.939990000e-04 0.286475
4.940000000e-04 0.073415
4.949990000e-04 0.073415
4.950000000e-04 0.000000
4.959990000e-04 0.000000
4.960000000e-04 0.073415
4.969990000e-04 0.073415
4.970000000e-04 0.286475
4.979990000e-04 0.286475
4.980000000e-04 0.618322
4.989990000e-04 0.618322
4.990000000e-04 1.036475
4.999990000e-04 1.036475
5.000000000e-04 1.500000
5.009990000e-04 1.500000
5.010000000e-04 1.963525
5.019990000e-04 1.963525
5.020000000e-04 2.381678
5.029990000e-04 2.381678
5.030000000e-04 2.713525
5.039990000e-04 2.713525
5.040000000e-04 2.926585
5.049990000e-04 2.926585
5.050000000e-04 3.000000
5.059990000e-04 3.000000
5.060000000e-04 2.926585
5.069990000e-04 2.926585
5.070000000e-04 2.713525
5.079990000e-04 2.713525
5.080000000e-04 2.381678
5.089990000e-04 2.381678
5.090000000e-04 1.963525
5.099990000e-04 1.963525
5.100000000e-04 1.500000
5.109990000e-04 1.500000
5.110000000e-04 1.036475
5.119990000e-04 1.036475
5.120000000e-04 0.618322
5.129990000e-04 0.618322
5.130000000e-04 0.286475
5.139990000e-04 0.286475
5.140000000e-04 0.073415
5.149990000e-04 0.073415
5.150000000e-04 0.000000
5.159990000e-04 0.000000
5.160000000e-04 0.073415
5.169990000e-04 0.073415
5.170000000e-04 0.286475
5.179990000e-04 0.286475
5.180000000e-04 0.618322
5.189990000e-04 0.618322
5.190000000e-04 1.036475
5.199990000e-04 1.036475
5.200000000e-04 1.500000
5.209990000e-04 1.500000
5.210000000e-04 1.963525
5.219990000e-04 1.963525
5.220000000e-04 2.381678
5.229990000e-04 2.381678
5.230000000e-04 2.713525
5.239990000e-04 2.713525
5.240000000e-04 2.926585
5.249990000e-04 2.926585
5.250000000e-04 3.000000
5.259990000e-04 3.000000
5.260000000e-04 2.926585
5.269990000e-04 2.926585
5.270000000e-04 2.713525
5.279990000e-04 2.713525
5.280000000e-04 2.381678
5.289990000e-04 2.381678
5.290000000e-04 1.963525
5.299990000e-04 1.963525
5.300000000e-04 1.500000
5.309990000e-04 1.500000
5.310000000e-04 1.036475
5.319990000e-04 1.036475
5.320000000e-04 0.618322
5.329990000e-04 0.618322
5.330000000e-04 0.286475
5.339990000e-04 0.286475
5.340000000e-04 0.073415
5.349990000e-04 0.073415
5.350000000e-04 0.000000
5.359990000e-04 0.000000
5.360000000e-04 0.073415
5.369990000e-04 0.073415
5.370000000e-04 0.286475
5.379990000e-04 0.286475
5.380000000e-04 0.618322
5.389990000e-04 0.618322
5.390000000e-04 1.036475
5.399990000e-04 1.036475
5.400000000e-04 1.500000
5.409990000e-04 1.500000
5.410000000e-04 1.963525
5.419990000e-04 1.963525
5.420000000e-04 2.381678
5.429990000e-04 2.381678
5.430000000e-04 2.713525
5.439990000e-04 2.713525
5.440000000e-04 2.926585
5.449990000e-04 2.926585
5.450000000e-04 3.000000
5.459990000e-04 3.000000
5.460000000e-04 2.926585
5.469990000e-04 2.926585
5.470000000e-04 2.713525
5.479990000e-04 2.713525
5.480000000e-04 2.381678
5.489990000e-04 2.381678
5.490000000e-04 1.963525
5.499990000e-04 1.963525
5.500000000e-04 1.500000
5.509990000e-04 1.500000
5.510000000e-04 1.036475
5.519990000e-04 1.036475
5.520000000e-04 0.618322
5.529990000e-04 0.618322
5.530000000e-04 0.286475
5.539990000e-04 0.286475
5.540000000e-04 0.073415
5.549990000e-04 0.073415
5.550000000e-04 0.000000
5.559990000e-04 0.000000
5.560000000e-04 0.073415
5.569990000e-04 0.073415
5.570000000e-04 0.286475
5.579990000e-04 0.286475
5.580000000e-04 0.618322
5.589990000e-04 0.618322
5.590000000e-04 1.036475
5.599990000e-04 1.036475
5.600000000e-04 1.500000
5.609990000e-04 1.500000
5.610000000e-04 1.963525
5.619990000e-04 1.963525
5.620000000e-04 2.381678
5.629990000e-04 2.381678
5.630000000e-04 2.713525
5.639990000e-04 2.713525
5.640000000e-04 2.926585
5.649990000e-04 2.926585
5.650000000e-04 3.000000
5.659990000e-04 3.000000
5.660000000e-04 2.926585
5.669990000e-04 2.926585
5.670000000e-04 2.713525
5.679990000e-04 2.713525
5.680000000e-04 2.381678
5.689990000e-04 2.381678
5.690000000e-04 1.963525
5.699990000e-04 1.963525
5.700000000e-04 1.500000
5.709990000e-04 1.500000
5.710000000e-04 1.036475
5.719990000e-04 1.036475
5.720000000e-04 0.618322
5.729990000e-04 0.618322
5.730000000e-04 0.286475
5.739990000e-04 0.286475
5.740000000e-04 0.073415
5.749990000e-04 0.073415
5.750000000e-04 0.000000
5.759990000e-04 0.000000
5.760000000e-04 0.073415
5.769990000e-04 0.073415
5.770000000e-04 0.286475
5.779990000e-04 0.286475
5.780000000e-04 0.618322
5.789990000e-04 0.618322
5.790000000e-04 1.036475
5.799990000e-04 1.036475
5.800000000e-04 1.500000
5.809990000e-04 1.500000
5.810000000e-04 1.963525
5.819990000e-04 1.963525
5.820000000e-04 2.381678
5.829990000e-04 2.381678
5.830000000e-04 2.713525
5.839990000e-04 2.713525
5.840000000e-04 2.926585
5.849990000e-04 2.926585
5.850000000e-04 3.000000
5.859990000e-04 3.000000
5.860000000e-04 2.926585
5.869990000e-04 2.926585
5.870000000e-04 2.713525
5.879990000e-04 2.713525
5.880000000e-04 2.381678
5.889990000e-04 2.381678
5.890000000e-04 1.963525
5.899990000e-04 1.963525
5.900000000e-04 1.500000
5.909990000e-04 1.500000
5.910000000e-04 1.036475
5.919990000e-04 1.036475
5.920000000e-04 0.618322
5.929990000e-04 0.618322
5.930000000e-04 0.286475
5.939990000e-04 0.286475
5.940000000e-04 0.073415
5.949990000e-04 0.073415
5.950000000e-04 0.000000
5.959990000e-04 0.000000
5.960000000e-04 0.073415
5.969990000e-04 0.073415
5.970000000e-04 0.286475
5.979990000e-04 0.286475
5.980000000e-04 0.618322
5.989990000e-04 0.618322
5.990000000e-04 1.036475
5.999990000e-04 1.036475
6.000000000e-04 1.500000
6.009990000e-04 1.500000
6.010000000e-04 1.963525
6.019990000e-04 1.963525
6.020000000e-04 2.381678
6.029990000e-04 2.381678
6.030000000e-04 2.713525
6.039990000e-04 2.713525
6.040000000e-04 2.926585
6.049990000e-04 2.926585
6.050000000e-04 3.000000
6.059990000e-04 3.000000
6.060000000e-04 2.926585
6.069990000e-04 2.926585
6.070000000e-04 2.713525
6.079990000e-04 2.713525
6.080000000e-04 2.381678
6.089990000e-04 2.381678
6.090000000e-04 1.963525
6.099990000e-04 1.963525
6.100000000e-04 1.500000
6.109990000e-04 1.500000
6.110000000e-04 1.036475
6.119990000e-04 1.036475
6.120000000e-04 0.618322
6.129990000e-04 0.618322
6.130000000e-04 0.286475
6.139990000e-04 0.286475
6.140000000e-04 0.073415
6.149990000e-04 0.073415
6.150000000e-04 0.000000
6.159990000e-04 0.000000
6.160000000e-04 0.073415
6.169990000e-04 0.073415
6.170000000e-04 0.286475
6.179990000e-04 0.286475
6.180000000e-04 0.618322
6.189990000e-04 0.618322
6.190000000e-04 1.036475
6.199990000e-04 1.036475
6.200000000e-04 1.500000
6.209990000e-04 1.500000
6.210000000e-04 1.963525
6.219990000e-04 1.963525
6.220000000e-04 2.381678
6.229990000e-04 2.381678
6.230000000e-04 2.713525
6.239990000e-04 2.713525
6.240000000e-04 2.926585
6.249990000e-04 2.926585
6.250000000e-04 3.000000
6.259990000e-04 3.000000
6.260000000e-04 2.926585
6.269990000e-04 2.926585
6.270000000e-04 2.713525
6.279990000e-04 2.713525
6.280000000e-04 2.381678
6.289990000e-04 2.381678
6.290000000e-04 1.963525
6.299990000e-04 1.963525
6.300000000e-04 1.500000
6.309990000e-04 1.500000
6.310000000e-04 1.036475
6.319990000e-04 1.036475
6.320000000e-04 0.618322
6.329990000e-04 0.618322
6.330000000e-04 0.286475
6.339990000e-04 0.286475
6.340000000e-04 0.073415
6.349990000e-04 0.073415
6.350000000e-04 0.000000
6.359990000e-04 0.000000
6.360000000e-04 0.073415
6.369990000e-04 0.073415
6.370000000e-04 0.286475
6.379990000e-04 0.286475
6.380000000e-04 0.618322
6.389990000e-04 0.618322
6.390000000e-04 1.036475
6.399990000e-04 1.036475
6.400000000e-04 1.500000
6.409990000e-04 1.500000
6.410000000e-04 1.963525
6.419990000e-04 1.963525
6.420000000e-04 2.381678
6.429990000e-04 2.381678
6.430000000e-04 2.713525
6.439990000e-04 2.713525
6.440000000e-04 2.926585
6.449990000e-04 2.926585
6.450000000e-04 3.000000
6.459990000e-04 3.000000
6.460000000e-04 2.926585
6.469990000e-04 2.926585
6.470000000e-04 2.713525
6.479990000e-04 2.713525
6.480000000e-04 2.381678
6.489990000e-04 2.381678
6.490000000e-04 1.963525
6.499990000e-04 1.963525
6.500000000e-04 1.500000
6.509990000e-04 1.500000
6.510000000e-04 1.036475
6.519990000e-04 1.036475
6.520000000e-04 0.618322
6.529990000e-04 0.618322
6.530000000e-04 0.286475
6.539990000e-04 0.286475
6.540000000e-04 0.073415
6.549990000e-04 0.073415
6.550000000e-04 0.000000
6.559990000e-04 0.000000
6.560000000e-04 0.073415
6.569990000e-04 0.073415
6.570000000e-04 0.286475
6.579990000e-04 0.286475
6.580000000e-04 0.618322
6.589990000e-04 0.618322
6.590000000e-04 1.036475
6.599990000e-04 1.036475
6.600000000e-04 1.500000
6.609990000e-04 1.500000
6.610000000e-04 1.963525
6.619990000e-04 1.963525
6.620000000e-04 2.381678
6.629990000e-04 2.381678
6.630000000e-04 2.713525
6.639990000e-04 2.713525
6.640000000e-04 2.926585
6.649990000e-04 2.926585
6.650000000e-04 3.000000
6.659990000e-04 3.000000
6.660000000e-04 2.926585
6.669990000e-04 2.926585
6.670000000e-04 2.713525
6.679990000e-04 2.713525
6.680000000e-04 2.381678
6.689990000e-04 2.381678
6.690000000e-04 1.963525
6.699990000e-04 1.963525
6.700000000e-04 1.500000
6.709990000e-04 1.500000
6.710000000e-04 1.036475
6.719990000e-04 1.036475
6.720000000e-04 0.618322
6.729990000e-04 0.618322
6.730000000e-04 0.286475
6.739990000e-04 0.286475
6.740000000e-04 0.073415
6.749990000e-04 0.073415
6.750000000e-04 0.000000
6.759990000e-04 0.000000
6.760000000e-04 0.073415
6.769990000e-04 0.073415
6.770000000e-04 0.286475
6.779990000e-04 0.286475
6.780000000e-04 0.618322
6.789990000e-04 0.618322
6.790000000e-04 1.036475
6.799990000e-04 1.036475
6.800000000e-04 1.500000
6.809990000e-04 1.500000
6.810000000e-04 1.963525
6.819990000e-04 1.963525
6.820000000e-04 2.381678
6.829990000e-04 2.381678
6.830000000e-04 2.713525
6.839990000e-04 2.713525
6.840000000e-04 2.926585
6.849990000e-04 2.926585
6.850000000e-04 3.000000
6.859990000e-04 3.000000
6.860000000e-04 2.926585
6.869990000e-04 2.926585
6.870000000e-04 2.713525
6.879990000e-04 2.713525
6.880000000e-04 2.381678
6.889990000e-04 2.381678
6.890000000e-04 1.963525
6.899990000e-04 1.963525
6.900000000e-04 1.500000
6.909990000e-04 1.500000
6.910000000e-04 1.036475
6.919990000e-04 1.036475
6.920000000e-04 0.618322
6.929990000e-04 0.618322
6.930000000e-04 0.286475
6.939990000e-04 0.286475
6.940000000e-04 0.073415
6.949990000e-04 0.073415
6.950000000e-04 0.000000
6.959990000e-04 0.000000
6.960000000e-04 0.073415
6.969990000e-04 0.073415
6.970000000e-04 0.286475
6.979990000e-04 0.286475
6.980000000e-04 0.618322
6.989990000e-04 0.618322
6.990000000e-04 1.036475
6.999990000e-04 1.036475
7.000000000e-04 1.500000
7.009990000e-04 1.500000
7.010000000e-04 1.963525
7.019990000e-04 1.963525
7.020000000e-04 2.381678
7.029990000e-04 2.381678
7.030000000e-04 2.713525
7.039990000e-04 2.713525
7.040000000e-04 2.926585
7.049990000e-04 2.926585
7.050000000e-04 3.000000
7.059990000e-04 3.000000
7.060000000e-04 2.926585
7.069990000e-04 2.926585
7.070000000e-04 2.713525
7.079990000e-04 2.713525
7.080000000e-04 2.381678
7.089990000e-04 2.381678
7.090000000e-04 1.963525
7.099990000e-04 1.963525
7.100000000e-04 1.500000
7.109990000e-04 1.500000
7.110000000e-04 1.036475
7.119990000e-04 1.036475
7.120000000e-04 0.618322
7.129990000e-04 0.618322
7.130000000e-04 0.286475
7.139990000e-04 0.286475
7.140000000e-04 0.073415
7.149990000e-04 0.073415
7.150000000e-04 0.000000
7.159990000e-04 0.000000
7.160000000e-04 0.073415
7.169990000e-04 0.073415
7.170000000e-04 0.286475
7.179990000e-04 0.286475
7.180000000e-04 0.618322
7.189990000e-04 0.618322
7.190000000e-04 1.036475
7.199990000e-04 1.036475
7.200000000e-04 1.500000
7.209990000e-04 1.500000
7.210000000e-04 1.963525
7.219990000e-04 1.963525
7.220000000e-04 2.381678
7.229990000e-04 2.381678
7.230000000e-04 2.713525
7.239990000e-04 2.713525
7.240000000e-04 2.926585
7.249990000e-04 2.926585
7.250000000e-04 3.000000
7.259990000e-04 3.000000
7.260000000e-04 2.926585
7.269990000e-04 2.926585
7.270000000e-04 2.713525
7.279990000e-04 2.713525
7.280000000e-04 2.381678
7.289990000e-04 2.381678
7.290000000e-04 1.963525
7.299990000e-04 1.963525
7.300000000e-04 1.500000
7.309990000e-04 1.500000
7.310000000e-04 1.036475
7.319990000e-04 1.036475
7.320000000e-04 0.618322
7.329990000e-04 0.618322
7.330000000e-04 0.286475
7.339990000e-04 0.286475
7.340000000e-04 0.073415
7.349990000e-04 0.073415
7.350000000e-04 0.000000
7.359990000e-04 0.000000
7.360000000e-04 0.073415
7.369990000e-04 0.073415
7.370000000e-04 0.286475
7.379990000e-04 0.286475
7.380000000e-04 0.618322
7.389990000e-04 0.618322
7.390000000e-04 1.036475
7.399990000e-04 1.036475
7.400000000e-04 1.500000
7.409990000e-04 1.500000
7.410000000e-04 1.963525
7.419990000e-04 1.963525
7.420000000e-04 2.381678
7.429990000e-04 2.381678
7.430000000e-04 2.713525
7.439990000e-04 2.713525
7.440000000e-04 2.926585
7.449990000e-04 2.926585
7.450000000e-04 3.000000
7.459990000e-04 3.000000
7.460000000e-04 2.926585
7.469990000e-04 2.926585
7.470000000e-04 2.713525
7.479990000e-04 2.713525
7.480000000e-04 2.381678
7.489990000e-04 2.381678
7.490000000e-04 1.963525
7.499990000e-04 1.963525
7.500000000e-04 1.500000
7.509990000e-04 1.500000
7.510000000e-04 1.036475
7.519990000e-04 1.036475
7.520000000e-04 0.618322
7.529990000e-04 0.618322
7.530000000e-04 0.286475
7.539990000e-04 0.286475
7.540000000e-04 0.073415
7.549990000e-04 0.073415
7.550000000e-04 0.000000
7.559990000e-04 0.000000
7.560000000e-04 0.073415
7.569990000e-04 0.073415
7.570000000e-04 0.286475
7.579990000e-04 0.286475
7.580000000e-04 0.618322
7.589990000e-04 0.618322
7.590000000e-04 1.036475
7.599990000e-04 1.036475
7.600000000e-04 1.500000
7.609990000e-04 1.500000
7.610000000e-04 1.963525
7.619990000e-04 1.963525
7.620000000e-04 2.381678
7.629990000e-04 2.381678
7.630000000e-04 2.713525
7.639990000e-04 2.713525
7.640000000e-04 2.926585
7.649990000e-04 2.926585
7.650000000e-04 3.000000
7.659990000e-04 3.000000
7.660000000e-04 2.926585
7.669990000e-04 2.926585
7.670000000e-04 2.713525
7.679990000e-04 2.713525
7.680000000e-04 2.381678
7.689990000e-04 2.381678
7.690000000e-04 1.963525
7.699990000e-04 1.963525
7.700000000e-04 1.500000
7.709990000e-04 1.500000
7.710000000e-04 1.036475
7.719990000e-04 1.036475
7.720000000e-04 0.618322
7.729990000e-04 0.618322
7.730000000e-04 0.286475
7.739990000e-04 0.286475
7.740000000e-04 0.073415
7.749990000e-04 0.073415
7.750000000e-04 0.000000
7.759990000e-04 0.000000
7.760000000e-04 0.073415
7.769990000e-04 0.073415
7.770000000e-04 0.286475
7.779990000e-04 0.286475
7.780000000e-04 0.618322
7.789990000e-04 0.618322
7.790000000e-04 1.036475
7.799990000e-04 1.036475
7.800000000e-04 1.500000
7.809990000e-04 1.500000
7.810000000e-04 1.963525
7.819990000e-04 1.963525
7.820000000e-04 2.381678
7.829990000e-04 2.381678
7.830000000e-04 2.713525
7.839990000e-04 2.713525
7.840000000e-04 2.926585
7.849990000e-04 2.926585
7.850000000e-04 3.000000
7.859990000e-04 3.000000
7.860000000e-04 2.926585
7.869990000e-04 2.926585
7.870000000e-04 2.713525
7.879990000e-04 2.713525
7.880000000e-04 2.381678
7.889990000e-04 2.381678
7.890000000e-04 1.963525
7.899990000e-04 1.963525
7.900000000e-04 1.500000
7.909990000e-04 1.500000
7.910000000e-04 1.036475
7.919990000e-04 1.036475
7.920000000e-04 0.618322
7.929990000e-04 0.618322
7.930000000e-04 0.286475
7.939990000e-04 0.286475
7.940000000e-04 0.073415
7.949990000e-04 0.073415
7.950000000e-04 0.000000
7.959990000e-04 0.000000
7.960000000e-04 0.073415
7.969990000e-04 0.073415
7.970000000e-04 0.286475
7.979990000e-04 0.286475
7.980000000e-04 0.618322
7.989990000e-04 0.618322
7.990000000e-04 1.036475
7.999990000e-04 1.036475
8.000000000e-04 1.500000
8.009990000e-04 1.500000
8.010000000e-04 1.963525
8.019990000e-04 1.963525
8.020000000e-04 2.381678
8.029990000e-04 2.381678
8.030000000e-04 2.713525
8.039990000e-04 2.713525
8.040000000e-04 2.926585
8.049990000e-04 2.926585
8.050000000e-04 3.000000
8.059990000e-04 3.000000
8.060000000e-04 2.926585
8.069990000e-04 2.926585
8.070000000e-04 2.713525
8.079990000e-04 2.713525
8.080000000e-04 2.381678
8.089990000e-04 2.381678
8.090000000e-04 1.963525
8.099990000e-04 1.963525
8.100000000e-04 1.500000
8.109990000e-04 1.500000
8.110000000e-04 1.036475
8.119990000e-04 1.036475
8.120000000e-04 0.618322
8.129990000e-04 0.618322
8.130000000e-04 0.286475
8.139990000e-04 0.286475
8.140000000e-04 0.073415
8.149990000e-04 0.073415
8.150000000e-04 0.000000
8.159990000e-04 0.000000
8.160000000e-04 0.073415
8.169990000e-04 0.073415
8.170000000e-04 0.286475
8.179990000e-04 0.286475
8.180000000e-04 0.618322
8.189990000e-04 0.618322
8.190000000e-04 1.036475
8.199990000e-04 1.036475
8.200000000e-04 1.500000
8.209990000e-04 1.500000
8.210000000e-04 1.963525
8.219990000e-04 1.963525
8.220000000e-04 2.381678
8.229990000e-04 2.381678
8.230000000e-04 2.713525
8.239990000e-04 2.713525
8.240000000e-04 2.926585
8.249990000e-04 2.926585
8.250000000e-04 3.000000
8.259990000e-04 3.000000
8.260000000e-04 2.926585
8.269990000e-04 2.926585
8.270000000e-04 2.713525
8.279990000e-04 2.713525
8.280000000e-04 2.381678
8.289990000e-04 2.381678
8.290000000e-04 1.963525
8.299990000e-04 1.963525
8.300000000e-04 1.500000
8.309990000e-04 1.500000
8.310000000e-04 1.036475
8.319990000e-04 1.036475
8.320000000e-04 0.618322
8.329990000e-04 0.618322
8.330000000e-04 0.286475
8.339990000e-04 0.286475
8.340000000e-04 0.073415
8.349990000e-04 0.073415
8.350000000e-04 0.000000
8.359990000e-04 0.000000
8.360000000e-04 0.073415
8.369990000e-04 0.073415
8.370000000e-04 0.286475
8.379990000e-04 0.286475
8.380000000e-04 0.618322
8.389990000e-04 0.618322
8.390000000e-04 1.036475
8.399990000e-04 1.036475
8.400000000e-04 1.500000
8.409990000e-04 1.500000
8.410000000e-04 1.963525
8.419990000e-04 1.963525
8.420000000e-04 2.381678
8.429990000e-04 2.381678
8.430000000e-04 2.713525
8.439990000e-04 2.713525
8.440000000e-04 2.926585
8.449990000e-04 2.926585
8.450000000e-04 3.000000
8.459990000e-04 3.000000
8.460000000e-04 2.926585
8.469990000e-04 2.926585
8.470000000e-04 2.713525
8.479990000e-04 2.713525
8.480000000e-04 2.381678
8.489990000e-04 2.381678
8.490000000e-04 1.963525
8.499990000e-04 1.963525
8.500000000e-04 1.500000
8.509990000e-04 1.500000
8.510000000e-04 1.036475
8.519990000e-04 1.036475
8.520000000e-04 0.618322
8.529990000e-04 0.618322
8.530000000e-04 0.286475
8.539990000e-04 0.286475
8.540000000e-04 0.073415
8.549990000e-04 0.073415
8.550000000e-04 0.000000
8.559990000e-04 0.000000
8.560000000e-04 0.073415
8.569990000e-04 0.073415
8.570000000e-04 0.286475
8.579990000e-04 0.286475
8.580000000e-04 0.618322
8.589990000e-04 0.618322
8.590000000e-04 1.036475
8.599990000e-04 1.036475
8.600000000e-04 1.500000
8.609990000e-04 1.500000
8.610000000e-04 1.963525
8.619990000e-04 1.963525
8.620000000e-04 2.381678
8.629990000e-04 2.381678
8.630000000e-04 2.713525
8.639990000e-04 2.713525
8.640000000e-04 2.926585
8.649990000e-04 2.926585
8.650000000e-04 3.000000
8.659990000e-04 3.000000
8.660000000e-04 2.926585
8.669990000e-04 2.926585
8.670000000e-04 2.713525
8.679990000e-04 2.713525
8.680000000e-04 2.381678
8.689990000e-04 2.381678
8.690000000e-04 1.963525
8.699990000e-04 1.963525
8.700000000e-04 1.500000
8.709990000e-04 1.500000
8.710000000e-04 1.036475
8.719990000e-04 1.036475
8.720000000e-04 0.618322
8.729990000e-04 0.618322
8.730000000e-04 0.286475
8.739990000e-04 0.286475
8.740000000e-04 0.073415
8.749990000e-04 0.073415
8.750000000e-04 0.000000
8.759990000e-04 0.000000
8.760000000e-04 0.073415
8.769990000e-04 0.073415
8.770000000e-04 0.286475
8.779990000e-04 0.286475
8.780000000e-04 0.618322
8.789990000e-04 0.618322
8.790000000e-04 1.036475
8.799990000e-04 1.036475
8.800000000e-04 1.500000
8.809990000e-04 1.500000
8.810000000e-04 1.963525
8.819990000e-04 1.963525
8.820000000e-04 2.381678
8.829990000e-04 2.381678
8.830000000e-04 2.713525
8.839990000e-04 2.713525
8.840000000e-04 2.926585
8.849990000e-04 2.926585
8.850000000e-04 3.000000
8.859990000e-04 3.000000
8.860000000e-04 2.926585
8.869990000e-04 2.926585
8.870000000e-04 2.713525
8.879990000e-04 2.713525
8.880000000e-04 2.381678
8.889990000e-04 2.381678
8.890000000e-04 1.963525
8.899990000e-04 1.963525
8.900000000e-04 1.500000
8.909990000e-04 1.500000
8.910000000e-04 1.036475
8.919990000e-04 1.036475
8.920000000e-04 0.618322
8.929990000e-04 0.618322
8.930000000e-04 0.286475
8.939990000e-04 0.286475
8.940000000e-04 0.073415
8.949990000e-04 0.073415
8.950000000e-04 0.000000
8.959990000e-04 0.000000
8.960000000e-04 0.073415
8.969990000e-04 0.073415
8.970000000e-04 0.286475
8.979990000e-04 0.286475
8.980000000e-04 0.618322
8.989990000e-04 0.618322
8.990000000e-04 1.036475
8.999990000e-04 1.036475
9.000000000e-04 1.500000
9.009990000e-04 1.500000
9.010000000e-04 1.963525
9.019990000e-04 1.963525
9.020000000e-04 2.381678
9.029990000e-04 2.381678
9.030000000e-04 2.713525
9.039990000e-04 2.713525
9.040000000e-04 2.926585
9.049990000e-04 2.926585
9.050000000e-04 3.000000
9.059990000e-04 3.000000
9.060000000e-04 2.926585
9.069990000e-04 2.926585
9.070000000e-04 2.713525
9.079990000e-04 2.713525
9.080000000e-04 2.381678
9.089990000e-04 2.381678
9.090000000e-04 1.963525
9.099990000e-04 1.963525
9.100000000e-04 1.500000
9.109990000e-04 1.500000
9.110000000e-04 1.036475
9.119990000e-04 1.036475
9.120000000e-04 0.618322
9.129990000e-04 0.618322
9.130000000e-04 0.286475
9.139990000e-04 0.286475
9.140000000e-04 0.073415
9.149990000e-04 0.073415
9.150000000e-04 0.000000
9.159990000e-04 0.000000
9.160000000e-04 0.073415
9.169990000e-04 0.073415
9.170000000e-04 0.286475
9.179990000e-04 0.286475
9.180000000e-04 0.618322
9.189990000e-04 0.618322
9.190000000e-04 1.036475
9.199990000e-04 1.036475
9.200000000e-04 1.500000
9.209990000e-04 1.500000
9.210000000e-04 1.963525
9.219990000e-04 1.963525
9.220000000e-04 2.381678
9.229990000e-04 2.381678
9.230000000e-04 2.713525
9.239990000e-04 2.713525
9.240000000e-04 2.926585
9.249990000e-04 2.926585
9.250000000e-04 3.000000
9.259990000e-04 3.000000
9.260000000e-04 2.926585
9.269990000e-04 2.926585
9.270000000e-04 2.713525
9.279990000e-04 2.713525
9.280000000e-04 2.381678
9.289990000e-04 2.381678
9.290000000e-04 1.963525
9.299990000e-04 1.963525
9.300000000e-04 1.500000
9.309990000e-04 1.500000
9.310000000e-04 1.036475
9.319990000e-04 1.036475
9.320000000e-04 0.618322
9.329990000e-04 0.618322
9.330000000e-04 0.286475
9.339990000e-04 0.286475
9.340000000e-04 0.073415
9.349990000e-04 0.073415
9.350000000e-04 0.000000
9.359990000e-04 0.000000
9.360000000e-04 0.073415
9.369990000e-04 0.073415
9.370000000e-04 0.286475
9.379990000e-04 0.286475
9.380000000e-04 0.618322
9.389990000e-04 0.618322
9.390000000e-04 1.036475
9.399990000e-04 1.036475
9.400000000e-04 1.500000
9.409990000e-04 1.500000
9.410000000e-04 1.963525
9.419990000e-04 1.963525
9.420000000e-04 2.381678
9.429990000e-04 2.381678
9.430000000e-04 2.713525
9.439990000e-04 2.713525
9.440000000e-04 2.926585
9.449990000e-04 2.926585
9.450000000e-04 3.000000
9.459990000e-04 3.000000
9.460000000e-04 2.926585
9.469990000e-04 2.926585
9.470000000e-04 2.713525
9.479990000e-04 2.713525
9.480000000e-04 2.381678
9.489990000e-04 2.381678
9.490000000e-04 1.963525
9.499990000e-04 1.963525
9.500000000e-04 1.500000
9.509990000e-04 1.500000
9.510000000e-04 1.036475
9.519990000e-04 1.036475
9.520000000e-04 0.618322
9.529990000e-04 0.618322
9.530000000e-04 0.286475
9.539990000e-04 0.286475
9.540000000e-04 0.073415
9.549990000e-04 0.073415
9.550000000e-04 0.000000
9.559990000e-04 0.000000
9.560000000e-04 0.073415
9.569990000e-04 0.073415
9.570000000e-04 0.286475
9.579990000e-04 0.286475
9.580000000e-04 0.618322
9.589990000e-04 0.618322
9.590000000e-04 1.036475
9.599990000e-04 1.036475
9.600000000e-04 1.500000
9.609990000e-04 1.500000
9.610000000e-04 1.963525
9.619990000e-04 1.963525
9.620000000e-04 2.381678
9.629990000e-04 2.381678
9.630000000e-04 2.713525
9.639990000e-04 2.713525
9.640000000e-04 2.926585
9.649990000e-04 2.926585
9.650000000e-04 3.000000
9.659990000e-04 3.000000
9.660000000e-04 2.926585
9.669990000e-04 2.926585
9.670000000e-04 2.713525
9.679990000e-04 2.713525
9.680000000e-04 2.381678
9.689990000e-04 2.381678
9.690000000e-04 1.963525
9.699990000e-04 1.963525
9.700000000e-04 1.500000
9.709990000e-04 1.500000
9.710000000e-04 1.036475
9.719990000e-04 1.036475
9.720000000e-04 0.618322
9.729990000e-04 0.618322
9.730000000e-04 0.286475
9.739990000e-04 0.286475
9.740000000e-04 0.073415
9.749990000e-04 0.073415
9.750000000e-04 0.000000
9.759990000e-04 0.000000
9.760000000e-04 0.073415
9.769990000e-04 0.073415
9.770000000e-04 0.286475
9.779990000e-04 0.286475
9.780000000e-04 0.618322
9.789990000e-04 0.618322
9.790000000e-04 1.036475
9.799990000e-04 1.036475
9.800000000e-04 1.500000
9.809990000e-04 1.500000
9.810000000e-04 1.963525
9.819990000e-04 1.963525
9.820000000e-04 2.381678
9.829990000e-04 2.381678
9.830000000e-04 2.713525
9.839990000e-04 2.713525
9.840000000e-04 2.926585
9.849990000e-04 2.926585
9.850000000e-04 3.000000
9.859990000e-04 3.000000
9.860000000e-04 2.926585
9.869990000e-04 2.926585
9.870000000e-04 2.713525
9.879990000e-04 2.713525
9.880000000e-04 2.381678
9.889990000e-04 2.381678
9.890000000e-04 1.963525
9.899990000e-04 1.963525
9.900000000e-04 1.500000
9.909990000e-04 1.500000
9.910000000e-04 1.036475
9.919990000e-04 1.036475
9.920000000e-04 0.618322
9.929990000e-04 0.618322
9.930000000e-04 0.286475
9.939990000e-04 0.286475
9.940000000e-04 0.073415
9.949990000e-04 0.073415
9.950000000e-04 0.000000
9.959990000e-04 0.000000
9.960000000e-04 0.073415
9.969990000e-04 0.073415
9.970000000e-04 0.286475
9.979990000e-04 0.286475
9.980000000e-04 0.618322
9.989990000e-04 0.618322
9.990000000e-04 1.036475
9.999990000e-04 1.036475